's~[10;4;0;0]
1.4m~[9;2;0;0]
10-week~[5;2;0;0]
11:00am~[2;1;0;0],[10;1;0;0]
120b~[11;1;0;0]
122b~[11;1;0;0]
12:00pm~[2;1;0;0],[10;1;0;0]
14-year-old~[4;1;0;0]
143a~[11;1;0;0]
1960~[9;1;0;0]
1990~[4;1;0;0]
2-d~[4;1;0;0]
21st~[5;1;0;0]
26th~[3;1;0;0]
3-d~[4;1;0;0]
501c3~[5;1;0;0]
8mm~[4;1;0;0]
\n~[8;1;0;0]
\nhost~[8;1;0;0]
\ntitl~[8;1;0;0]
a.m~[4;1;0;0]
aaa~[10;2;0;0]
abdu~[3;1;0;0],[4;1;0;0],[5;1;0;0],[6;1;0;0],[7;1;0;0],[9;1;0;0],[11;2;0;0]
abilities.~[5;1;0;0]
abl~[4;3;0;0],[5;3;0;0],[9;1;0;0],[11;1;0;0]
about~[4;5;0;0],[5;5;0;0],[9;2;0;0],[11;10;0;0]
abov~[7;1;0;0]
absolut~[11;3;0;0]
abstract~[2;1;0;0],[10;1;0;0]
academ~[10;1;0;0],[11;1;0;0]
academi~[1;2;0;0],[4;1;0;0],[5;2;0;0]
accept~[3;1;0;0],[5;1;0;0],[6;1;0;0]
access~[4;1;0;0],[5;3;0;0]
accord~[3;1;0;0],[5;1;0;0],[7;1;0;0]
account~[6;1;0;0]
achiev~[1;1;0;0],[4;2;0;0]
acm~[2;1;0;0],[3;1;0;0],[6;1;0;0],[7;1;0;0]
across~[4;1;0;0],[5;1;0;0]
act~[1;1;0;0],[9;1;0;0]
activ~[11;1;0;0]
actual~[4;2;0;0],[11;2;0;0]
actuat~[6;1;0;0]
ad~[11;1;0;0]
add~[5;1;0;0]
addit~[4;3;0;0],[11;4;0;0]
address~[5;1;0;0],[9;3;0;0]
aditi~[1;2;0;0]
admiss~[1;3;0;0],[2;2;0;0],[3;2;0;0],[4;2;0;0],[5;2;0;0],[6;2;0;0],[7;2;0;0],[9;2;0;0],[10;2;0;0],[11;2;0;0]
advanc~[1;2;0;0],[9;3;0;0],[10;1;0;0]
advic~[4;1;0;0],[11;2;0;0]
advis~[3;1;0;0]
advisor~[3;1;0;0]
aerospac~[6;1;0;0]
affect~[9;1;0;0]
afford~[7;1;0;0]
after~[3;2;0;0],[4;4;0;0],[5;3;0;0],[11;5;0;0]
afterthought~[9;1;0;0]
age~[4;2;0;0]
agent~[9;1;0;0]
agre~[5;1;0;0]
ai~[3;1;0;0],[4;1;0;0],[5;2;0;0],[6;1;0;0],[7;1;0;0],[9;2;0;0],[10;1;0;0],[11;2;0;0]
aim~[1;1;0;0],[3;1;0;0],[9;2;0;0]
alan~[10;3;0;0]
alex~[6;2;0;0]
alexand~[1;1;0;0]
alexandru~[1;1;0;0]
alfaro~[5;1;0;0]
algebra~[10;1;0;0]
algorithm~[1;1;0;0],[2;7;0;0],[6;1;0;0],[11;1;0;0]
alik~[7;1;0;0]
all~[1;1;0;0],[2;1;0;0],[3;1;0;0],[4;8;0;0],[5;4;0;0],[7;1;0;0],[9;5;0;0],[11;4;0;0]
alleg~[7;1;0;0]
allow~[11;1;0;0]
almaden~[8;1;0;0]
almost~[6;1;0;0]
along~[3;1;0;0]
also~[3;1;0;0],[4;4;0;0],[5;2;0;0],[9;2;0;0],[10;2;0;0],[11;5;0;0]
although~[11;1;0;0]
alto~[7;1;0;0]
alumni~[1;2;0;0],[4;2;0;0],[5;1;0;0],[9;1;0;0]
alumnu~[4;2;0;0],[5;3;0;0]
alway~[4;2;0;0],[11;1;0;0]
am~[4;1;0;0],[5;1;0;0],[10;2;0;0],[11;3;0;0]
amari~[1;1;0;0]
amaz~[5;1;0;0],[11;1;0;0]
amazon~[1;2;0;0]
amen~[7;2;0;0]
america~[5;1;0;0]
american~[10;2;0;0]
among~[4;1;0;0],[7;2;0;0]
an~[1;3;0;0],[2;2;0;0],[3;1;0;0],[4;8;0;0],[5;6;0;0],[6;1;0;0],[7;4;0;0],[9;4;0;0],[10;1;0;0],[11;8;0;0]
anaheim~[5;1;0;0]
analysi~[9;1;0;0],[10;1;0;0]
analyz~[1;1;0;0],[2;1;0;0]
anatomi~[3;1;0;0],[4;1;0;0],[5;1;0;0],[6;1;0;0],[7;1;0;0],[9;1;0;0],[11;1;0;0]
and~[1;40;0;0],[2;8;0;0],[3;21;0;0],[4;50;0;0],[5;28;0;0],[6;18;0;0],[7;18;0;0],[8;2;0;0],[9;30;0;0],[10;24;0;0],[11;46;0;0]
andi~[1;1;0;0]
andr~[11;1;0;0]
ani~[2;2;0;0],[4;2;0;0],[5;1;0;0],[11;3;0;0]
anim~[4;6;0;0]
annual~[7;1;0;0]
anoth~[4;1;0;0],[5;2;0;0]
anton~[11;1;0;0]
anymor~[4;1;0;0]
anyth~[4;1;0;0]
api~[11;1;0;0]
app~[1;2;0;0],[5;9;0;0],[11;3;0;0]
app.~[5;1;0;0]
appjam~[5;1;0;0]
appjam+~[5;17;0;0],[11;3;0;0]
appjambore~[5;1;0;0]
appli~[1;2;0;0],[2;1;0;0],[3;2;0;0],[4;2;0;0],[5;1;0;0],[6;1;0;0],[7;1;0;0],[9;1;0;0],[10;1;0;0],[11;3;0;0]
applic~[1;1;0;0],[3;2;0;0],[6;2;0;0]
appreci~[4;1;0;0]
approach~[1;1;0;0],[3;2;0;0],[4;1;0;0],[5;4;0;0],[9;1;0;0],[11;1;0;0]
approxim~[1;1;0;0]
april~[1;10;0;0],[7;1;0;0]
arash~[1;1;0;0]
architectur~[1;1;0;0],[3;1;0;0],[10;1;0;0]
archiv~[2;3;0;0],[10;3;0;0]
are~[1;1;0;0],[2;1;0;0],[3;2;0;0],[4;1;0;0],[5;5;0;0],[6;4;0;0],[9;1;0;0],[10;1;0;0],[11;4;0;0]
area~[1;1;0;0],[2;1;0;0],[3;1;0;0],[4;1;0;0],[5;1;0;0],[6;1;0;0],[7;1;0;0],[9;3;0;0],[10;1;0;0],[11;3;0;0]
areas.~[9;1;0;0]
arena~[1;1;0;0]
arora~[3;1;0;0],[4;1;0;0],[5;1;0;0],[6;1;0;0],[7;1;0;0],[9;1;0;0],[11;6;0;0]
around~[4;1;0;0],[9;1;0;0]
arriv~[4;1;0;0]
art~[4;9;0;0],[11;1;0;0]
articl~[1;1;0;0]
artifici~[4;2;0;0]
artist~[4;5;0;0]
artist.~[4;1;0;0]
artwork~[4;1;0;0]
as~[1;4;0;0],[3;2;0;0],[4;8;0;0],[5;11;0;0],[7;3;0;0],[9;5;0;0],[10;2;0;0],[11;6;0;0]
ask~[11;2;0;0]
aspect~[4;1;0;0],[6;1;0;0]
assembl~[4;1;0;0]
assist~[5;1;0;0],[11;1;0;0]
associ~[6;1;0;0],[10;3;0;0]
assur~[4;1;0;0]
at~[1;6;0;0],[2;4;0;0],[3;3;0;0],[4;16;0;0],[5;14;0;0],[6;1;0;0],[7;5;0;0],[9;4;0;0],[10;6;0;0],[11;9;0;0]
at-risk~[3;1;0;0],[4;1;0;0],[5;1;0;0],[6;1;0;0],[7;1;0;0],[9;1;0;0],[11;1;0;0]
attack~[4;1;0;0],[6;1;0;0],[7;1;0;0]
attend~[1;2;0;0],[3;1;0;0],[4;3;0;0],[5;1;0;0],[6;1;0;0],[7;1;0;0],[9;1;0;0],[11;3;0;0]
attorney~[9;1;0;0]
attribut~[11;2;0;0]
autograv~[1;3;0;0]
automotive/transport~[6;1;0;0]
autonom~[9;1;0;0]
avail~[7;2;0;0]
aviv~[2;2;0;0]
avoid~[5;1;0;0]
award~[1;3;0;0],[3;6;0;0],[4;2;0;0],[5;1;0;0],[6;2;0;0],[7;1;0;0],[9;1;0;0],[10;2;0;0],[11;2;0;0]
awardsangeetha~[11;1;0;0]
away~[1;1;0;0],[4;1;0;0]
awesom~[11;1;0;0]
awm~[10;2;0;0]
b.~[4;1;0;0]
bachelor~[6;1;0;0]
back~[4;1;0;0],[5;2;0;0],[11;3;0;0]
background~[1;1;0;0]
bad~[4;1;0;0]
bakeri~[3;1;0;0],[4;1;0;0],[5;1;0;0],[6;1;0;0],[7;1;0;0],[9;1;0;0],[11;4;0;0]
balanc~[7;1;0;0]
baldi~[1;2;0;0],[3;4;0;0],[4;1;0;0],[5;1;0;0],[6;1;0;0],[7;1;0;0],[9;2;0;0],[11;1;0;0]
balloon-pop~[5;1;0;0]
barbara~[7;1;0;0]
base~[5;1;0;0],[7;1;0;0]
base.~[3;1;0;0]
basic~[5;1;0;0]
battl~[5;1;0;0]
bayesian~[11;1;0;0]
be~[1;4;0;0],[2;1;0;0],[3;1;0;0],[4;10;0;0],[5;6;0;0],[6;3;0;0],[9;2;0;0],[11;6;0;0]
be.~[5;1;0;0]
beach~[7;6;0;0]
becam~[4;1;0;0],[5;1;0;0],[11;1;0;0]
becaus~[1;2;0;0],[3;1;0;0],[4;4;0;0],[11;2;0;0]
becom~[4;1;0;0],[9;1;0;0],[11;1;0;0]
been~[1;1;0;0],[2;1;0;0],[4;4;0;0],[7;2;0;0],[9;1;0;0],[11;8;0;0]
began~[4;3;0;0],[5;1;0;0]
begin~[8;2;0;0]
behind~[1;1;0;0]
believ~[4;1;0;0]
benefit~[10;1;0;0]
berkeley~[10;2;0;0]
best~[5;3;0;0],[11;3;0;0]
better~[3;1;0;0],[5;1;0;0],[11;2;0;0]
between~[3;2;0;0],[4;1;0;0],[9;1;0;0],[10;2;0;0]
beyond~[5;1;0;0],[10;1;0;0]
big~[1;1;0;0],[8;1;0;0]
biggest~[11;1;0;0]
billion~[6;1;0;0]
bio~[2;1;0;0],[10;1;0;0]
bioinformat~[1;1;0;0]
biolog~[1;1;0;0]
biomed~[6;1;0;0]
biomedicin~[5;1;0;0]
bird~[5;1;0;0]
bit~[2;2;0;0],[4;1;0;0]
bittitan~[4;1;0;0]
blast~[4;1;0;0]
blockbust~[4;2;0;0]
blown~[1;1;0;0],[4;1;0;0]
blum~[10;4;0;0]
board~[4;1;0;0],[9;1;0;0]
bobbl~[4;1;0;0]
bodi~[6;1;0;0]
book~[4;1;0;0]
boss~[4;1;0;0]
both~[1;1;0;0],[4;3;0;0],[5;2;0;0],[9;1;0;0],[10;1;0;0],[11;1;0;0]
bottom~[3;1;0;0]
boulder~[11;1;0;0]
bowl~[4;1;0;0]
bozorgzadeh~[6;1;0;0]
brandt~[6;1;0;0]
braunschweig~[1;1;0;0]
break~[5;1;0;0]
bren~[1;1;0;0],[2;1;0;0],[3;1;0;0],[5;1;0;0],[6;1;0;0],[8;3;0;0],[11;1;0;0]
bridg~[10;1;0;0]
bright~[11;1;0;0]
bring~[1;1;0;0],[6;1;0;0],[11;1;0;0]
broad~[6;1;0;0]
broken~[11;1;0;0]
browser~[1;1;0;0]
bryan~[9;2;0;0]
build~[1;1;0;0],[3;1;0;0],[4;2;0;0],[6;1;0;0],[9;1;0;0]
built~[5;1;0;0],[11;1;0;0]
burn~[11;1;0;0]
burtsev~[11;1;0;0]
but~[3;1;0;0],[4;3;0;0],[5;4;0;0],[9;2;0;0],[11;3;0;0]
buy~[1;1;0;0]
by~[1;5;0;0],[2;1;0;0],[3;3;0;0],[4;3;0;0],[5;4;0;0],[6;2;0;0],[7;2;0;0],[9;3;0;0],[11;2;0;0]
c.~[8;2;0;0]
calculu~[10;1;0;0]
california~[1;2;0;0],[5;1;0;0],[7;2;0;0],[10;1;0;0]
california-bas~[7;1;0;0]
call~[4;2;0;0],[10;1;0;0]
calscal~[8;1;0;0]
came~[7;1;0;0]
camera~[4;2;0;0]
camp~[4;2;0;0]
campaign~[5;1;0;0]
campu~[9;1;0;0]
can~[1;1;0;0],[4;5;0;0],[5;3;0;0],[11;3;0;0]
candid~[1;2;0;0],[2;1;0;0],[3;1;0;0],[4;1;0;0],[5;1;0;0],[6;1;0;0],[7;1;0;0],[9;2;0;0],[10;1;0;0],[11;1;0;0]
capabl~[1;1;0;0]
capac~[10;1;0;0]
captur~[3;1;0;0],[5;1;0;0],[9;1;0;0]
car~[1;2;0;0],[6;1;0;0]
car-buy~[1;1;0;0]
care~[11;1;0;0]
career~[5;3;0;0],[9;1;0;0],[10;1;0;0]
carey~[8;1;0;0]
caribbean.~[4;1;0;0]
carlsbad~[7;1;0;0]
carnaroli~[5;2;0;0]
carnegi~[10;4;0;0]
carol.~[4;1;0;0]
catalyst~[10;1;0;0]
categor~[3;1;0;0]
categori~[8;1;0;0]
celebrationforb~[9;1;0;0]
center~[1;2;0;0],[2;1;0;0],[3;1;0;0],[4;1;0;0],[5;2;0;0],[6;1;0;0],[7;3;0;0],[8;1;0;0],[9;1;0;0],[10;2;0;0],[11;1;0;0]
central~[11;1;0;0]
centuri~[5;1;0;0]
chair~[10;1;0;0]
challeng~[1;1;0;0],[4;1;0;0],[5;2;0;0],[7;1;0;0]
champion~[5;1;0;0]
chanc~[1;1;0;0]
chancellor~[1;3;0;0],[7;2;0;0]
chang~[4;1;0;0],[11;2;0;0]
channel~[4;1;0;0]
chapter~[6;1;0;0],[7;1;0;0]
chase~[5;1;0;0]
children~[9;1;0;0]
chip~[1;3;0;0]
chose~[4;1;0;0]
chosen~[11;1;0;0]
christma~[4;1;0;0]
circadian~[1;3;0;0]
citi~[7;4;0;0]
citizen~[9;1;0;0]
civil~[6;1;0;0]
clara~[7;1;0;0]
class~[4;5;0;0],[5;1;0;0],[6;3;0;0],[11;13;0;0]
classic~[8;1;0;0],[10;1;0;0]
classifi~[7;1;0;0]
clemen~[4;2;0;0]
clone~[3;10;0;0]
club~[1;2;0;0],[11;2;0;0]
cmtc~[1;2;0;0]
cmu~[10;1;0;0]
co-director~[10;1;0;0]
co-work~[5;1;0;0]
coast~[1;1;0;0]
coastal~[7;1;0;0]
code~[3;6;0;0],[4;1;0;0],[5;5;0;0],[9;1;0;0],[11;1;0;0]
coffe~[3;1;0;0]
cognit~[10;1;0;0]
cohort~[5;1;0;0]
collabor~[1;3;0;0],[3;3;0;0]
collaboration.~[5;1;0;0]
colleg~[1;1;0;0],[4;1;0;0],[5;4;0;0]
college-ag~[5;1;0;0]
colorado~[11;1;0;0]
combin~[3;1;0;0],[5;1;0;0],[11;1;0;0]
come~[1;1;0;0],[5;1;0;0],[7;1;0;0],[11;2;0;0]
commerci~[4;1;0;0],[10;1;0;0]
committe~[10;1;0;0]
common~[1;2;0;0]
commun~[4;1;0;0],[5;2;0;0],[9;1;0;0],[10;3;0;0]
compani~[3;1;0;0],[4;2;0;0],[5;1;0;0],[7;2;0;0],[9;2;0;0]
compel~[1;1;0;0]
competit~[9;1;0;0]
complement~[1;1;0;0]
complet~[1;1;0;0],[5;1;0;0]
complex~[1;1;0;0],[2;1;0;0],[6;1;0;0],[10;3;0;0]
compris~[10;1;0;0]
comput~[1;19;0;0],[2;8;0;0],[3;4;0;0],[4;14;0;0],[5;14;0;0],[6;8;0;0],[7;5;0;0],[8;6;0;0],[9;3;0;0],[10;14;0;0],[11;6;0;0]
concept~[10;1;0;0],[11;1;0;0]
concern~[9;3;0;0]
concert~[1;1;0;0]
concret~[11;1;0;0]
condit~[10;1;0;0]
conduct~[5;1;0;0],[11;1;0;0]
confer~[3;1;0;0],[9;1;0;0],[10;1;0;0]
confid~[5;1;0;0],[6;1;0;0]
confirm~[4;1;0;0]
congress~[2;1;0;0]
connect~[6;2;0;0],[9;1;0;0],[11;1;0;0]
consciou~[10;1;0;0]
consequ~[9;1;0;0]
consid~[2;1;0;0],[7;2;0;0]
constantli~[11;1;0;0]
construct~[6;1;0;0]
consult~[1;1;0;0]
consum~[7;1;0;0]
consumpt~[1;1;0;0]
contact~[1;1;0;0],[2;1;0;0],[3;1;0;0],[4;1;0;0],[5;1;0;0],[6;1;0;0],[7;1;0;0],[9;1;0;0],[10;1;0;0],[11;1;0;0]
continu~[3;1;0;0],[4;1;0;0],[5;1;0;0],[7;1;0;0],[10;1;0;0]
control~[1;1;0;0]
conveni~[7;1;0;0]
convinc~[4;1;0;0]
cook~[11;2;0;0]
cooki~[3;1;0;0]
cool~[11;2;0;0]
coolest~[11;1;0;0]
copi~[3;1;0;0]
corp.~[7;1;0;0]
could~[3;1;0;0],[9;1;0;0],[11;2;0;0]
council~[5;2;0;0]
counti~[1;1;0;0],[5;1;0;0],[7;1;0;0]
countri~[9;1;0;0],[11;1;0;0]
cours~[4;1;0;0],[5;2;0;0],[6;1;0;0],[11;3;0;0]
coursework~[1;1;0;0]
courtesi~[4;2;0;0]
cousin~[9;2;0;0]
cp~[6;1;0;0]
cpri~[7;1;0;0],[9;7;0;0]
crash~[5;1;0;0]
creat~[4;5;0;0],[5;4;0;0]
created:20180501t070348z~[8;1;0;0]
creativ~[5;2;0;0],[11;2;0;0]
credit~[5;1;0;0]
crew~[4;2;0;0]
crista~[3;2;0;0]
critic~[5;2;0;0],[9;2;0;0]
crowd~[4;1;0;0]
crowdstrik~[7;1;0;0]
crucial~[9;1;0;0]
cs~[1;1;0;0],[4;1;0;0],[5;1;0;0],[11;2;0;0]
ct~[3;1;0;0],[4;1;0;0],[5;1;0;0],[6;1;0;0],[7;1;0;0],[9;1;0;0],[11;1;0;0]
cube~[3;1;0;0],[4;1;0;0],[5;1;0;0],[6;1;0;0],[7;1;0;0],[9;1;0;0],[11;1;0;0]
cultur~[9;2;0;0]
cunningham~[9;4;0;0]
curios~[5;1;0;0],[11;1;0;0]
curiou~[11;2;0;0]
current~[1;2;0;0],[2;1;0;0],[3;1;0;0],[4;1;0;0],[5;2;0;0],[6;1;0;0],[7;2;0;0],[9;2;0;0],[10;2;0;0],[11;1;0;0]
currentlya~[9;1;0;0]
cutting-edg~[5;1;0;0],[10;1;0;0]
cyber~[6;1;0;0],[7;1;0;0],[9;2;0;0]
cyber-phys~[6;5;0;0]
cybersecuirti~[7;1;0;0]
cybersecur~[7;12;0;0],[9;6;0;0]
cybersecurity-rel~[9;1;0;0]
cylanc~[7;1;0;0]
d.c.~[4;1;0;0]
dad~[4;1;0;0],[11;1;0;0]
daili~[6;1;0;0]
danger~[11;1;0;0]
danish~[1;2;0;0]
data~[1;1;0;0],[2;1;0;0],[4;1;0;0],[8;1;0;0],[9;1;0;0],[11;5;0;0]
databas~[8;1;0;0],[11;1;0;0]
daunt~[5;1;0;0]
day~[4;2;0;0]
dbh~[10;1;0;0]
de~[9;1;0;0]
dealership~[1;1;0;0]
dean~[6;2;0;0]
dear~[4;1;0;0]
debug~[11;1;0;0]
decad~[6;1;0;0]
decid~[5;1;0;0],[11;3;0;0]
decis~[11;1;0;0]
dedic~[7;1;0;0]
deep~[1;1;0;0]
deep-learn~[3;1;0;0],[4;1;0;0],[5;1;0;0],[6;1;0;0],[7;1;0;0],[9;1;0;0],[11;1;0;0]
defend~[3;1;0;0]
defens~[6;2;0;0],[7;1;0;0]
definit~[11;1;0;0]
degre~[1;2;0;0],[2;2;0;0],[3;2;0;0],[4;2;0;0],[5;2;0;0],[6;3;0;0],[7;2;0;0],[9;2;0;0],[10;2;0;0],[11;2;0;0]
delgado~[5;1;0;0]
demand~[5;1;0;0]
demonstr~[4;1;0;0]
densiti~[11;1;0;0]
depart~[3;1;0;0],[8;2;0;0],[11;4;0;0]
deputi~[10;1;0;0]
der~[11;3;0;0]
describ~[1;1;0;0],[2;1;0;0]
descript~[8;1;0;0]
design~[1;3;0;0],[2;1;0;0],[4;2;0;0],[5;1;0;0],[6;1;0;0],[11;4;0;0]
desir~[11;1;0;0]
destin~[7;1;0;0]
detail~[1;1;0;0]
detect~[1;1;0;0],[3;7;0;0],[4;1;0;0]
determin~[2;1;0;0],[10;1;0;0],[11;1;0;0]
develop~[1;7;0;0],[2;1;0;0],[3;3;0;0],[4;1;0;0],[5;11;0;0],[6;1;0;0],[7;2;0;0],[9;6;0;0],[11;3;0;0]
devic~[6;1;0;0],[9;2;0;0]
diagnosi~[9;1;0;0]
did~[4;2;0;0],[11;1;0;0]
diego~[1;1;0;0],[9;1;0;0]
differ~[3;1;0;0],[4;1;0;0],[5;1;0;0],[9;1;0;0],[10;1;0;0],[11;2;0;0]
differenti~[10;1;0;0]
difficulti~[9;1;0;0]
digit~[1;1;0;0],[4;5;0;0]
direct~[4;1;0;0]
directli~[5;1;0;0]
director~[4;1;0;0],[6;1;0;0],[9;1;0;0],[10;2;0;0]
disabl~[1;1;0;0],[5;2;0;0]
discov~[11;1;0;0]
discret~[10;1;0;0]
discuss~[1;2;0;0],[6;1;0;0],[7;1;0;0]
diseas~[1;1;0;0]
disney~[4;1;0;0]
distinct~[3;1;0;0]
distinguish~[1;1;0;0],[2;1;0;0],[3;6;0;0],[4;1;0;0],[5;1;0;0],[6;1;0;0],[7;1;0;0],[8;1;0;0],[9;1;0;0],[10;2;0;0],[11;1;0;0]
distribut~[11;1;0;0]
divers~[1;1;0;0]
do~[1;2;0;0],[4;9;0;0],[11;4;0;0]
do.~[3;1;0;0]
doctor~[1;1;0;0]
document~[7;1;0;0]
domain~[6;1;0;0]
don~[5;1;0;0],[11;1;0;0]
donald~[1;1;0;0],[2;1;0;0],[3;1;0;0],[5;1;0;0],[6;1;0;0],[8;3;0;0],[11;1;0;0]
done~[3;1;0;0]
doubl~[11;3;0;0]
doubt~[1;1;0;0],[5;1;0;0]
down~[4;1;0;0],[5;1;0;0]
dozen~[4;1;0;0]
draw~[4;2;0;0],[9;1;0;0]
dream~[4;7;0;0],[5;6;0;0]
drive~[6;1;0;0]
drug~[9;1;0;0]
dtend~[8;1;0;0]
dtstamp:20191013t140443~[8;1;0;0]
dtstart~[8;1;0;0]
dure~[4;2;0;0],[5;3;0;0],[11;3;0;0]
dutt~[1;2;0;0],[6;1;0;0]
each~[4;2;0;0]
early-car~[1;1;0;0]
early.~[5;1;0;0]
earn~[5;1;0;0]
easi~[3;1;0;0]
easili~[11;1;0;0]
easy-to-understand~[5;1;0;0]
eclect~[11;1;0;0]
econom~[9;1;0;0],[10;1;0;0]
economi~[6;1;0;0]
economy-promot~[10;1;0;0]
edg~[1;1;0;0]
educ~[3;1;0;0],[4;1;0;0],[5;5;0;0],[7;1;0;0],[9;4;0;0],[11;2;0;0]
edward~[1;1;0;0]
effect~[4;8;0;0],[5;1;0;0]
effort~[9;3;0;0]
efforts.~[9;1;0;0]
either~[4;1;0;0],[6;1;0;0],[11;1;0;0]
elaheh~[6;1;0;0]
elect~[1;2;0;0],[4;1;0;0],[7;1;0;0]
electr~[1;1;0;0],[5;1;0;0],[6;2;0;0]
electron~[6;1;0;0]
element~[4;1;0;0],[5;1;0;0]
els~[4;1;0;0]
email~[11;1;0;0]
eman~[10;1;0;0]
embed~[6;3;0;0],[9;1;0;0]
emerg~[7;1;0;0],[9;2;0;0]
empow~[5;2;0;0]
enabl~[9;1;0;0]
encompass~[1;1;0;0]
encourag~[11;2;0;0]
end~[4;1;0;0],[8;2;0;0],[11;1;0;0]
energi~[1;1;0;0]
engag~[1;1;0;0],[5;2;0;0]
engin~[1;4;0;0],[3;4;0;0],[4;2;0;0],[5;2;0;0],[6;8;0;0],[9;6;0;0],[10;1;0;0],[11;5;0;0]
engineering.~[9;1;0;0]
english~[1;1;0;0]
enjoy~[4;2;0;0],[5;1;0;0],[11;1;0;0]
enrich~[4;6;0;0]
enrol~[5;1;0;0],[6;3;0;0]
enter~[5;1;0;0],[10;1;0;0]
entir~[2;1;0;0],[4;1;0;0],[11;1;0;0]
entireti~[2;1;0;0]
entrench~[6;1;0;0]
episod~[4;1;0;0]
equat~[7;1;0;0],[10;1;0;0]
equip~[1;1;0;0],[9;1;0;0]
error~[10;1;0;0]
escap~[5;2;0;0]
esec/fs~[3;1;0;0]
especi~[4;1;0;0],[11;1;0;0]
esport~[1;2;0;0]
essenc~[11;1;0;0]
estim~[7;1;0;0]
european~[3;1;0;0]
evalu~[6;1;0;0]
even~[1;1;0;0],[2;1;0;0],[3;2;0;0],[4;1;0;0],[5;1;0;0],[6;1;0;0],[9;1;0;0]
event~[1;3;0;0],[2;1;0;0],[3;1;0;0],[4;1;0;0],[5;3;0;0],[6;1;0;0],[7;1;0;0],[8;1;0;0],[9;1;0;0],[10;1;0;0],[11;2;0;0]
eventu~[11;1;0;0]
ever~[4;2;0;0],[11;1;0;0]
everi~[4;2;0;0],[5;1;0;0],[6;1;0;0],[9;1;0;0]
everyday~[5;1;0;0]
everyon~[11;1;0;0]
everyth~[4;1;0;0],[5;1;0;0],[9;3;0;0]
evolv~[5;1;0;0]
exact~[4;1;0;0]
exampl~[1;1;0;0],[10;1;0;0]
excel~[4;1;0;0],[10;1;0;0]
excit~[4;1;0;0],[5;4;0;0],[9;1;0;0],[11;3;0;0]
execut~[9;1;0;0]
exhilar~[11;1;0;0]
expand~[5;1;0;0],[10;1;0;0]
expect~[6;1;0;0]
experi~[3;1;0;0],[5;7;0;0],[11;5;0;0]
experience.although~[11;1;0;0]
expert~[6;1;0;0],[7;1;0;0],[11;1;0;0]
expertis~[5;1;0;0],[9;2;0;0]
explain~[3;1;0;0],[5;2;0;0],[9;2;0;0]
explor~[1;1;0;0],[2;1;0;0],[3;1;0;0],[4;1;0;0],[5;1;0;0],[6;1;0;0],[7;1;0;0],[9;2;0;0],[10;1;0;0],[11;1;0;0]
expos~[1;1;0;0],[5;1;0;0]
exposur~[5;1;0;0]
extract~[11;1;0;0]
extrem~[4;2;0;0],[11;1;0;0]
face~[1;1;0;0],[5;1;0;0]
facil~[9;1;0;0]
fact~[4;1;0;0],[5;1;0;0],[11;1;0;0]
facto~[9;1;0;0]
factori~[1;2;0;0],[6;1;0;0]
faculti~[1;2;0;0],[2;4;0;0],[3;3;0;0],[4;2;0;0],[5;2;0;0],[6;5;0;0],[7;2;0;0],[9;2;0;0],[10;3;0;0],[11;2;0;0]
fadi~[1;1;0;0],[6;1;0;0]
fall~[3;1;0;0],[5;1;0;0],[6;2;0;0]
fame~[4;3;0;0],[9;1;0;0]
famili~[1;1;0;0],[9;1;0;0]
familiar~[10;1;0;0]
fantast~[5;1;0;0]
far~[11;1;0;0]
farima~[3;2;0;0]
farmahinifarahani~[3;2;0;0]
fascin~[11;1;0;0]
fashion~[5;2;0;0]
favorit~[4;2;0;0],[11;4;0;0]
fbi~[7;1;0;0]
featur~[1;2;0;0]
februari~[5;1;0;0],[6;1;0;0],[9;1;0;0]
feedback~[1;1;0;0],[2;1;0;0],[3;1;0;0],[4;1;0;0],[5;2;0;0],[6;1;0;0],[7;1;0;0],[9;1;0;0],[10;1;0;0],[11;1;0;0]
feel~[3;1;0;0],[5;2;0;0]
fellow~[2;1;0;0],[5;1;0;0],[10;2;0;0]
fellowship~[1;3;0;0]
felt~[9;1;0;0],[11;1;0;0]
few~[4;2;0;0],[5;1;0;0],[11;3;0;0]
field~[1;1;0;0],[2;1;0;0],[9;1;0;0],[10;1;0;0],[11;2;0;0]
figur~[11;1;0;0]
file~[3;1;0;0]
fill~[9;1;0;0]
film~[4;4;0;0]
final~[4;1;0;0],[5;1;0;0],[11;2;0;0]
financ~[1;1;0;0],[9;1;0;0]
find~[1;1;0;0],[2;1;0;0],[6;1;0;0]
finish~[1;1;0;0],[4;1;0;0],[11;1;0;0]
first~[1;2;0;0],[4;1;0;0],[5;3;0;0],[6;1;0;0],[11;3;0;0]
fit~[9;1;0;0]
five~[5;1;0;0],[7;1;0;0]
flag~[9;1;0;0]
focu~[2;1;0;0],[5;1;0;0],[9;1;0;0],[11;1;0;0]
focus~[5;2;0;0],[7;1;0;0],[9;2;0;0],[10;1;0;0]
folder~[4;1;0;0]
follow~[11;2;0;0]
foothil~[11;1;0;0]
for~[1;7;0;0],[2;4;0;0],[3;4;0;0],[4;12;0;0],[5;17;0;0],[6;3;0;0],[7;6;0;0],[8;1;0;0],[9;10;0;0],[10;14;0;0],[11;13;0;0]
forc~[11;2;0;0]
forecast~[6;1;0;0]
forefront~[7;1;0;0]
foreign~[1;1;0;0],[11;1;0;0]
forest~[5;1;0;0]
forg~[5;1;0;0]
format~[1;1;0;0]
forrest~[4;2;0;0]
fortun~[4;1;0;0]
forum~[3;2;0;0],[4;1;0;0],[5;1;0;0],[6;1;0;0],[7;1;0;0],[9;1;0;0],[11;2;0;0]
found~[1;2;0;0],[4;1;0;0],[5;2;0;0],[6;1;0;0],[9;2;0;0],[10;3;0;0]
foundat~[1;3;0;0],[2;1;0;0],[3;1;0;0],[5;3;0;0],[6;1;0;0],[9;7;0;0],[10;2;0;0]
foundation-fund~[1;1;0;0]
founder~[10;1;0;0]
four~[1;1;0;0],[3;1;0;0],[5;1;0;0],[9;1;0;0],[11;1;0;0]
frame~[4;4;0;0]
francisco~[7;1;0;0]
franz~[3;1;0;0],[7;2;0;0]
free~[5;1;0;0]
freshman~[1;1;0;0],[5;1;0;0]
from~[1;10;0;0],[2;1;0;0],[3;5;0;0],[4;7;0;0],[5;10;0;0],[6;3;0;0],[7;1;0;0],[9;4;0;0],[10;1;0;0],[11;8;0;0]
front~[11;1;0;0]
fruit~[4;1;0;0]
full~[1;1;0;0]
full-tim~[5;1;0;0],[6;2;0;0]
fulli~[11;1;0;0]
fun~[1;1;0;0],[4;1;0;0],[11;2;0;0]
function~[11;3;0;0]
fund~[9;1;0;0]
fundament~[9;1;0;0],[11;1;0;0]
further~[3;1;0;0],[5;1;0;0]
furthermor~[9;1;0;0]
futur~[4;2;0;0],[5;3;0;0],[11;1;0;0]
future.~[5;1;0;0]
g.~[6;1;0;0]
gain~[5;3;0;0],[11;1;0;0]
game~[4;2;0;0],[5;3;0;0]
gap~[5;1;0;0],[10;1;0;0]
garner~[5;1;0;0]
gateway~[11;1;0;0]
geeman~[4;2;0;0]
gene~[6;1;0;0],[7;1;0;0]
gener~[7;1;0;0],[9;1;0;0],[11;1;0;0]
geniu~[11;1;0;0]
genuin~[11;2;0;0]
geograph~[1;2;0;0]
geometr~[1;1;0;0]
german~[1;1;0;0]
gersh~[4;6;0;0]
get~[3;3;0;0],[4;2;0;0],[5;2;0;0],[11;3;0;0]
ghost~[5;1;0;0]
gift~[9;5;0;0]
girl~[10;2;0;0]
givargi~[6;1;0;0]
give~[1;1;0;0],[2;1;0;0],[5;2;0;0],[6;1;0;0]
given~[2;2;0;0]
global~[1;1;0;0],[7;1;0;0]
go~[11;1;0;0]
goal~[2;1;0;0],[4;1;0;0],[9;1;0;0]
good~[1;1;0;0],[4;1;0;0],[10;1;0;0]
goodcal~[7;1;0;0]
goodrich~[1;3;0;0]
googl~[1;2;0;0],[11;4;0;0]
googler~[11;1;0;0]
got~[1;1;0;0],[11;1;0;0]
grad~[1;1;0;0]
graduat~[1;11;0;0],[2;3;0;0],[3;4;0;0],[4;4;0;0],[5;4;0;0],[6;6;0;0],[7;3;0;0],[9;4;0;0],[10;3;0;0],[11;5;0;0]
grant~[1;5;0;0],[4;1;0;0],[5;1;0;0]
graph~[2;1;0;0]
graphic~[4;6;0;0]
grate~[4;1;0;0]
great~[1;1;0;0],[3;1;0;0],[5;1;0;0]
green~[4;1;0;0]
gregorian~[8;1;0;0]
grew~[4;1;0;0],[5;1;0;0]
grfp~[1;2;0;0]
group~[1;1;0;0],[5;1;0;0],[11;1;0;0]
grow~[5;1;0;0],[11;1;0;0]
growth~[7;1;0;0],[10;1;0;0]
guangzhou~[1;1;0;0]
guid~[4;1;0;0],[11;1;0;0]
gump~[4;2;0;0]
guy~[11;1;0;0]
ha~[1;4;0;0],[4;1;0;0],[5;2;0;0],[7;2;0;0],[9;1;0;0],[10;4;0;0],[11;7;0;0]
hackathon~[11;2;0;0]
hacksc~[5;1;0;0]
had~[1;2;0;0],[4;7;0;0],[5;3;0;0],[9;1;0;0],[11;4;0;0]
hall~[2;1;0;0],[4;4;0;0],[9;1;0;0]
hands-on~[5;2;0;0],[6;1;0;0]
handstand~[11;1;0;0]
hank~[4;1;0;0]
hard~[4;2;0;0],[5;1;0;0],[11;1;0;0]
harder~[3;1;0;0]
hardwar~[1;1;0;0]
harri~[4;2;0;0],[6;1;0;0],[9;1;0;0]
have~[1;3;0;0],[2;1;0;0],[3;1;0;0],[4;6;0;0],[5;1;0;0],[6;2;0;0],[7;1;0;0],[9;2;0;0],[11;13;0;0]
he~[1;7;0;0],[4;7;0;0],[5;12;0;0],[9;3;0;0]
head~[9;1;0;0]
headlin~[7;1;0;0]
health~[1;3;0;0]
hear~[5;1;0;0]
heard~[4;1;0;0]
heart~[4;1;0;0]
heidelberg~[3;1;0;0],[4;1;0;0],[5;1;0;0],[6;1;0;0],[7;1;0;0],[9;1;0;0],[11;2;0;0]
held~[1;1;0;0]
help~[1;3;0;0],[3;1;0;0],[4;5;0;0],[5;8;0;0],[6;1;0;0],[7;2;0;0],[9;1;0;0],[11;3;0;0]
henri~[6;1;0;0]
her~[1;1;0;0],[2;1;0;0],[3;1;0;0],[4;1;0;0],[5;5;0;0],[6;1;0;0],[7;1;0;0],[9;1;0;0],[10;4;0;0],[11;11;0;0]
here~[1;1;0;0],[11;1;0;0]
herman~[9;2;0;0]
hero-1~[4;1;0;0]
herself~[4;1;0;0],[5;1;0;0]
hi~[1;3;0;0],[3;2;0;0],[4;6;0;0],[5;5;0;0],[9;2;0;0],[10;1;0;0]
high~[4;8;0;0],[6;1;0;0],[7;3;0;0],[10;1;0;0],[11;1;0;0]
high-perform~[1;1;0;0]
high-potenti~[1;1;0;0]
high-profil~[7;1;0;0]
high-tech~[10;1;0;0]
higher~[9;3;0;0],[10;1;0;0]
highli~[1;1;0;0]
highlight~[5;1;0;0]
him~[4;2;0;0],[5;3;0;0]
hinrich~[1;1;0;0]
hobbi~[11;1;0;0]
hoek~[11;3;0;0]
hold~[9;1;0;0]
holist~[1;1;0;0]
hollywood~[4;2;0;0]
home~[3;1;0;0],[6;1;0;0]
honor~[3;1;0;0],[4;1;0;0],[9;1;0;0]
hook~[5;1;0;0]
hope~[6;1;0;0],[11;1;0;0]
horizon~[10;1;0;0]
host~[1;1;0;0],[11;1;0;0]
hot-button~[7;1;0;0]
hous~[4;1;0;0],[7;1;0;0]
how~[4;5;0;0],[5;4;0;0],[10;1;0;0],[11;3;0;0]
howard~[4;4;0;0]
howev~[2;1;0;0],[10;1;0;0],[11;1;0;0]
http~[2;1;0;0],[8;2;0;0]
hub~[7;3;0;0]
hue~[4;1;0;0]
human~[3;2;0;0],[4;1;0;0],[5;1;0;0],[6;1;0;0],[7;1;0;0],[9;1;0;0],[11;1;0;0]
humbl~[4;1;0;0]
humboldt~[3;1;0;0]
hundr~[4;1;0;0],[9;1;0;0]
hype~[8;1;0;0]
ian~[6;1;0;0],[9;2;0;0]
ibm~[8;1;0;0]
ic~[1;3;0;0],[3;1;0;0],[4;5;0;0],[5;7;0;0],[6;4;0;0],[7;2;0;0],[9;1;0;0],[11;5;0;0]
id~[3;1;0;0],[4;1;0;0],[5;1;0;0],[6;1;0;0],[7;1;0;0],[9;1;0;0],[11;1;0;0]
idea~[11;2;0;0]
ieee~[3;1;0;0],[4;1;0;0],[5;1;0;0],[6;1;0;0],[7;1;0;0],[9;1;0;0],[11;2;0;0]
if~[1;1;0;0],[2;1;0;0],[4;2;0;0],[5;1;0;0],[11;1;0;0]
ignit~[5;1;0;0]
ii~[4;1;0;0]
iii~[4;1;0;0]
ilm~[4;2;0;0]
imag~[1;1;0;0],[4;2;0;0]
immedi~[11;1;0;0]
impact~[1;1;0;0],[3;1;0;0],[4;1;0;0],[5;2;0;0],[6;1;0;0],[7;1;0;0],[9;1;0;0],[11;2;0;0]
import~[3;1;0;0],[5;2;0;0],[9;2;0;0]
improv~[3;1;0;0]
in~[1;18;0;0],[2;10;0;0],[3;6;0;0],[4;35;0;0],[5;31;0;0],[6;15;0;0],[7;12;0;0],[9;14;0;0],[10;15;0;0],[11;24;0;0]
inaugur~[3;1;0;0],[4;1;0;0],[5;1;0;0],[6;3;0;0],[7;1;0;0],[9;1;0;0],[10;1;0;0],[11;2;0;0]
inc.~[7;2;0;0]
incid~[7;1;0;0]
includ~[2;1;0;0],[3;1;0;0],[4;1;0;0],[5;1;0;0],[6;1;0;0],[7;1;0;0],[9;1;0;0],[10;1;0;0],[11;1;0;0]
increas~[1;1;0;0],[10;2;0;0]
increasingli~[3;1;0;0]
incred~[4;1;0;0],[11;2;0;0]
incub~[5;1;0;0]
independ~[2;1;0;0]
individu~[9;1;0;0]
induct~[4;2;0;0]
inducte~[4;2;0;0]
industri~[3;1;0;0],[4;3;0;0],[5;1;0;0],[6;2;0;0],[7;1;0;0],[9;1;0;0],[11;6;0;0]
inf~[11;1;0;0]
influenc~[4;2;0;0],[5;1;0;0],[10;1;0;0]
influenti~[7;1;0;0]
inform~[1;4;0;0],[2;1;0;0],[3;2;0;0],[5;1;0;0],[6;3;0;0],[7;1;0;0],[8;3;0;0],[11;1;0;0]
informat~[1;1;0;0],[3;1;0;0],[11;1;0;0]
infrastructur~[6;2;0;0],[9;1;0;0],[11;1;0;0]
initi~[5;2;0;0],[6;1;0;0]
innov~[1;2;0;0],[5;1;0;0],[10;1;0;0]
input~[2;4;0;0]
insan~[4;1;0;0]
insight~[1;1;0;0],[11;1;0;0]
inspir~[4;3;0;0],[5;6;0;0]
instead~[11;1;0;0]
institut~[1;1;0;0],[7;1;0;0],[9;1;0;0],[10;2;0;0]
instruct~[5;1;0;0]
instructor~[5;1;0;0],[11;1;0;0]
instrument~[4;1;0;0],[7;1;0;0]
insur~[9;2;0;0]
integr~[5;1;0;0],[6;1;0;0]
intel~[1;2;0;0]
intellectu~[5;1;0;0]
intellig~[4;2;0;0]
inter-connect~[10;1;0;0]
interact~[9;1;0;0]
interdisciplinari~[6;1;0;0]
interest~[2;2;0;0],[4;2;0;0],[5;3;0;0],[6;1;0;0]
interfer~[7;1;0;0]
intern~[2;1;0;0],[3;1;0;0],[10;2;0;0],[11;2;0;0]
internet~[6;2;0;0],[9;5;0;0]
internship~[4;1;0;0],[5;2;0;0],[11;2;0;0]
interrel~[9;1;0;0]
intersect~[7;1;0;0],[11;2;0;0]
interview~[1;1;0;0]
into~[1;2;0;0],[3;3;0;0],[4;4;0;0],[5;3;0;0],[6;2;0;0],[7;2;0;0],[9;1;0;0],[11;2;0;0]
introduc~[10;1;0;0]
introduct~[4;1;0;0]
intuit~[11;1;0;0]
investig~[1;2;0;0],[7;1;0;0]
invit~[2;1;0;0]
involv~[5;1;0;0],[6;1;0;0]
io~[1;1;0;0]
ioe~[9;6;0;0]
ioe.~[9;1;0;0]
iot~[9;2;0;0]
iot/io~[9;1;0;0]
irvin~[1;2;0;0],[6;1;0;0],[7;5;0;0]
is~[1;4;0;0],[2;7;0;0],[3;3;0;0],[4;4;0;0],[5;12;0;0],[9;10;0;0],[10;5;0;0],[11;9;0;0]
isabella~[4;1;0;0]
isn~[4;1;0;0]
issu~[1;1;0;0],[7;1;0;0],[9;1;0;0]
it~[1;1;0;0],[2;3;0;0],[3;1;0;0],[4;17;0;0],[5;14;0;0],[6;3;0;0],[7;2;0;0],[9;2;0;0],[10;3;0;0],[11;11;0;0]
it.~[1;1;0;0]
iter~[5;2;0;0]
itself~[4;1;0;0]
jacobson~[4;1;0;0]
jain~[3;1;0;0],[4;1;0;0],[5;1;0;0],[6;1;0;0],[7;1;0;0],[9;1;0;0],[11;2;0;0]
januari~[2;1;0;0],[10;1;0;0]
jasmin~[5;1;0;0]
javascript~[1;1;0;0]
jilla~[5;14;0;0]
job~[1;2;0;0],[3;1;0;0],[4;3;0;0],[5;2;0;0],[6;2;0;0],[7;2;0;0],[11;1;0;0]
johnni~[1;1;0;0]
join~[1;1;0;0],[2;1;0;0]
joint~[3;1;0;0]
jointli~[11;1;0;0]
jordan~[9;1;0;0]
journey~[1;1;0;0]
judg~[3;1;0;0]
juli~[4;1;0;0]
junior~[4;1;0;0]
just~[3;1;0;0],[4;1;0;0],[5;2;0;0],[7;1;0;0]
justin~[1;1;0;0]
jyothi~[3;1;0;0],[4;1;0;0],[5;1;0;0],[6;1;0;0],[7;1;0;0],[9;1;0;0],[11;2;0;0]
k-12~[5;1;0;0]
ke~[1;2;0;0]
keep~[1;1;0;0],[11;1;0;0]
kelli~[11;1;0;0]
kept~[11;1;0;0]
kevin~[1;3;0;0]
key~[1;1;0;0],[5;1;0;0]
khan~[5;2;0;0]
kid~[4;9;0;0],[5;3;0;0],[11;1;0;0]
kill~[4;1;0;0]
klefstad~[11;1;0;0]
knew~[4;1;0;0]
know~[3;1;0;0],[4;2;0;0],[11;2;0;0]
knowledg~[1;2;0;0],[5;4;0;0],[11;1;0;0]
known~[4;1;0;0],[11;1;0;0]
kraemer~[5;1;0;0]
kurdahi~[1;2;0;0],[6;1;0;0]
lab~[1;1;0;0],[11;2;0;0]
laboratori~[7;1;0;0]
lack~[4;1;0;0],[9;1;0;0]
land~[5;1;0;0]
languag~[4;2;0;0]
larg~[2;1;0;0]
larger~[5;1;0;0]
largest~[5;1;0;0]
last~[5;1;0;0],[7;1;0;0]
last-modified:20180501t070927z~[8;1;0;0]
late~[4;2;0;0]
later~[5;1;0;0]
latest~[3;1;0;0],[4;1;0;0],[5;2;0;0],[6;1;0;0],[7;1;0;0],[9;1;0;0],[11;1;0;0]
launch~[5;1;0;0],[6;2;0;0],[7;1;0;0]
laureat~[3;1;0;0],[4;1;0;0],[5;1;0;0],[6;1;0;0],[7;1;0;0],[9;1;0;0],[11;2;0;0]
law~[7;1;0;0],[9;2;0;0]
lead~[1;1;0;0],[3;2;0;0],[9;3;0;0]
leader~[1;1;0;0]
leadership~[9;1;0;0]
learn~[3;2;0;0],[4;3;0;0],[5;10;0;0],[11;11;0;0]
least~[5;1;0;0]
leav~[1;1;0;0]
lectur~[1;1;0;0],[2;1;0;0],[3;1;0;0],[4;2;0;0],[5;1;0;0],[6;1;0;0],[7;2;0;0],[8;1;0;0],[9;1;0;0],[10;1;0;0],[11;1;0;0]
led~[9;1;0;0],[11;2;0;0]
left~[3;2;0;0]
legal~[2;1;0;0]
lender~[1;1;0;0]
lenor~[10;4;0;0]
let~[1;1;0;0],[4;1;0;0],[11;1;0;0]
letter~[1;3;0;0]
levarato~[6;1;0;0]
level~[9;1;0;0]
lewi~[1;1;0;0]
licens~[3;2;0;0]
lie~[11;1;0;0]
life~[5;2;0;0],[6;1;0;0]
life.~[5;1;0;0]
lifeblood~[5;1;0;0]
lift~[1;1;0;0]
light~[4;3;0;0]
like~[1;1;0;0],[3;1;0;0],[4;2;0;0],[5;4;0;0],[7;1;0;0],[11;1;0;0]
likelihood~[11;1;0;0]
limit~[11;1;0;0]
lincoln~[4;1;0;0]
linkedin~[1;1;0;0]
lisp~[4;1;0;0]
list~[2;1;0;0],[4;2;0;0],[7;1;0;0],[10;1;0;0]
liter~[3;1;0;0]
literaci~[5;1;0;0]
littl~[1;1;0;0],[2;1;0;0],[11;1;0;0]
live~[5;1;0;0],[7;2;0;0]
ll~[1;1;0;0]
llc~[7;1;0;0]
local~[2;4;0;0],[5;1;0;0]
logic~[10;1;0;0]
logician~[10;1;0;0]
lok~[1;1;0;0]
long~[3;1;0;0],[4;1;0;0],[7;1;0;0],[9;1;0;0]
look~[2;1;0;0],[7;1;0;0],[9;1;0;0],[11;1;0;0]
lope~[3;4;0;0]
lori~[6;1;0;0]
lot~[4;1;0;0]
love~[4;2;0;0],[5;2;0;0]
lu~[3;2;0;0]
luckili~[4;1;0;0]
m.~[10;1;0;0]
machin~[3;3;0;0],[4;1;0;0],[11;2;0;0]
made~[4;1;0;0],[5;1;0;0],[7;1;0;0]
magazin~[1;1;0;0]
magic~[4;2;0;0]
main~[5;1;0;0],[9;1;0;0]
major~[1;2;0;0],[3;1;0;0],[4;1;0;0],[5;5;0;0],[10;2;0;0],[11;9;0;0]
majumd~[1;2;0;0]
make~[3;1;0;0],[4;1;0;0],[5;4;0;0],[7;1;0;0],[10;1;0;0]
manag~[5;1;0;0],[9;1;0;0],[11;2;0;0]
mani~[1;2;0;0],[3;2;0;0],[7;2;0;0]
manner~[5;1;0;0]
manufactur~[1;3;0;0],[6;1;0;0]
march~[6;1;0;0],[7;1;0;0]
marco~[6;1;0;0]
maria~[7;1;0;0]
marin~[4;1;0;0]
marriag~[4;1;0;0]
martin~[1;2;0;0]
mass~[1;2;0;0]
master~[1;1;0;0],[6;5;0;0]
master-plan~[7;1;0;0]
match~[4;1;0;0]
materi~[11;1;0;0]
math/scienc~[10;1;0;0]
mathemat~[1;1;0;0],[2;1;0;0],[10;10;0;0],[11;1;0;0]
mathematics/comput~[10;1;0;0]
matrix~[10;1;0;0]
maxim~[2;1;0;0]
may~[1;2;0;0],[4;1;0;0],[5;1;0;0]
mcdonald~[1;1;0;0]
mckeown~[11;1;0;0]
me~[4;5;0;0],[5;5;0;0],[11;5;0;0]
measur~[2;1;0;0]
mecp~[6;3;0;0]
mecps.uci.edu~[6;1;0;0]
med~[5;1;0;0]
medic~[9;1;0;0]
medicin~[9;1;0;0]
meet~[6;1;0;0],[11;1;0;0]
meetingklefstad~[7;1;0;0]
mehrotra~[8;1;0;0]
mekhitarian~[1;1;0;0]
mellon~[10;3;0;0]
member~[1;1;0;0],[9;1;0;0],[10;1;0;0]
memor~[4;2;0;0],[11;1;0;0]
memori~[4;1;0;0]
men~[4;2;0;0],[10;1;0;0]
menial~[4;1;0;0]
mention~[3;1;0;0],[4;1;0;0],[5;1;0;0],[6;1;0;0],[7;1;0;0],[9;1;0;0],[11;1;0;0]
mentor~[5;14;0;0],[10;1;0;0],[11;5;0;0]
mentorship~[5;1;0;0]
mere~[5;1;0;0]
met~[11;1;0;0]
method~[8;1;0;0]
methodolog~[1;1;0;0]
metric~[3;1;0;0]
michael~[1;1;0;0],[4;2;0;0],[7;1;0;0],[8;1;0;0]
michel~[11;2;0;0]
micro-servic~[11;1;0;0]
microsoft~[3;1;0;0],[5;1;0;0]
middl~[4;1;0;0],[5;8;0;0],[10;1;0;0],[11;2;0;0]
might~[11;1;0;0]
miller~[4;1;0;0]
million~[1;1;0;0],[9;2;0;0],[10;1;0;0]
mind~[4;1;0;0],[5;1;0;0]
mindset~[4;1;0;0]
mine~[4;1;0;0]
minor~[1;1;0;0],[11;2;0;0]
minut~[1;1;0;0]
mission~[9;1;0;0]
mit~[2;2;0;0],[10;2;0;0]
mitsubishi~[5;1;0;0]
mobil~[5;6;0;0]
model~[2;1;0;0],[4;1;0;0],[5;1;0;0],[10;1;0;0]
modern~[8;2;0;0]
mohan~[8;2;0;0]
moment~[5;1;0;0],[11;1;0;0]
monica~[7;1;0;0]
monitor~[1;1;0;0],[4;1;0;0]
monster~[5;1;0;0]
month~[4;2;0;0],[7;1;0;0]
monument~[4;1;0;0]
more~[1;1;0;0],[2;1;0;0],[3;2;0;0],[4;3;0;0],[5;3;0;0],[6;1;0;0],[7;1;0;0],[9;3;0;0],[11;6;0;0]
more…~[1;8;0;0]
morn~[4;1;0;0]
most~[3;1;0;0],[4;2;0;0],[5;1;0;0],[10;2;0;0],[11;5;0;0]
mostli~[4;1;0;0]
motion~[4;1;0;0]
motiv~[4;1;0;0]
motto~[1;1;0;0]
mountain~[7;1;0;0]
move~[1;1;0;0]
movi~[4;7;0;0]
much~[3;1;0;0],[11;3;0;0]
multidepartment~[3;2;0;0]
multidisciplinari~[6;1;0;0],[7;1;0;0],[9;1;0;0]
multipl~[9;1;0;0]
munich~[1;1;0;0]
murray~[3;1;0;0],[4;1;0;0],[5;1;0;0],[11;1;0;0]
my~[4;13;0;0],[5;3;0;0],[11;21;0;0]
nabili~[1;1;0;0]
name~[3;1;0;0],[4;1;0;0],[7;1;0;0],[9;1;0;0]
nandula~[5;3;0;0]
narrow~[4;1;0;0]
nation~[1;5;0;0],[9;2;0;0]
nationwid~[10;1;0;0]
nativ~[1;1;0;0]
natur~[10;1;0;0]
navi~[3;1;0;0]
near~[4;1;0;0]
nearli~[10;2;0;0]
neatest~[11;1;0;0]
necessari~[2;2;0;0]
need~[2;1;0;0],[7;1;0;0],[9;2;0;0]
network~[1;3;0;0],[7;1;0;0],[10;1;0;0]
network-connect~[1;1;0;0]
neural~[1;1;0;0]
neurosci~[10;1;0;0]
never~[1;1;0;0]
new~[1;5;0;0],[2;2;0;0],[3;2;0;0],[4;4;0;0],[5;4;0;0],[6;4;0;0],[7;4;0;0],[9;4;0;0],[10;2;0;0],[11;2;0;0]
newfound~[5;1;0;0]
newport~[7;5;0;0]
news~[3;1;0;0],[4;1;0;0],[5;1;0;0],[6;1;0;0],[7;1;0;0],[9;1;0;0],[11;1;0;0]
newsql~[8;1;0;0]
next~[1;1;0;0],[6;1;0;0],[7;1;0;0]
next-gener~[1;1;0;0]
nichola~[1;1;0;0]
nicolau~[1;1;0;0],[6;1;0;0]
night~[1;1;0;0],[3;1;0;0],[4;1;0;0]
nih~[1;2;0;0]
nikil~[1;1;0;0],[6;1;0;0]
nithin~[5;3;0;0]
no~[1;2;0;0],[5;1;0;0],[7;4;0;0]
noah~[4;1;0;0]
non-clon~[3;1;0;0]
nonprofit~[5;4;0;0]
norm~[4;2;0;0]
nosql~[8;1;0;0]
not~[2;1;0;0],[3;1;0;0],[4;2;0;0],[5;1;0;0],[6;1;0;0],[9;2;0;0]
note~[9;1;0;0]
notif~[11;1;0;0]
notion~[10;1;0;0]
novemb~[1;1;0;0],[3;1;0;0]
now~[1;3;0;0],[2;1;0;0],[3;1;0;0],[4;3;0;0],[5;4;0;0],[6;2;0;0],[7;1;0;0],[9;2;0;0],[10;2;0;0],[11;3;0;0]
nsf~[1;4;0;0],[4;1;0;0]
number~[6;1;0;0],[7;1;0;0],[9;1;0;0]
numer~[10;3;0;0]
nuno~[11;2;0;0]
oc~[1;1;0;0],[5;1;0;0],[6;1;0;0],[7;1;0;0]
octob~[3;4;0;0],[4;4;0;0],[5;4;0;0],[6;4;0;0],[7;4;0;0],[9;4;0;0],[11;5;0;0]
of~[1;21;0;0],[2;13;0;0],[3;8;0;0],[4;40;0;0],[5;26;0;0],[6;14;0;0],[7;11;0;0],[8;6;0;0],[9;29;0;0],[10;30;0;0],[11;30;0;0]
offer~[1;1;0;0],[3;1;0;0],[4;1;0;0],[6;1;0;0],[7;1;0;0],[11;2;0;0]
olympu~[10;2;0;0]
on~[1;6;0;0],[2;2;0;0],[3;5;0;0],[4;10;0;0],[5;9;0;0],[7;3;0;0],[9;6;0;0],[10;3;0;0],[11;8;0;0]
on-chip~[1;1;0;0]
onc~[4;3;0;0]
one~[2;1;0;0],[3;1;0;0],[4;3;0;0],[5;5;0;0],[6;1;0;0],[11;2;0;0]
one-pag~[11;1;0;0]
one-year~[6;2;0;0]
onli~[2;1;0;0],[3;2;0;0],[4;1;0;0],[5;1;0;0],[9;1;0;0]
onlin~[5;2;0;0]
onto~[7;1;0;0]
open~[1;2;0;0],[3;1;0;0],[4;1;0;0],[11;1;0;0]
opencv~[1;1;0;0]
oper~[4;2;0;0],[11;1;0;0]
opinion~[11;2;0;0]
opportun~[1;1;0;0],[4;2;0;0],[5;4;0;0],[11;5;0;0]
oppos~[9;1;0;0]
optim~[1;1;0;0],[3;1;0;0],[6;1;0;0]
or~[1;2;0;0],[4;2;0;0],[5;1;0;0],[6;1;0;0],[11;3;0;0]
orang~[1;2;0;0],[5;1;0;0],[7;1;0;0]
order~[2;1;0;0]
oreo~[3;6;0;0]
organ~[4;1;0;0],[5;2;0;0]
origin~[4;2;0;0],[5;1;0;0],[6;1;0;0]
oscil~[1;1;0;0]
other~[3;1;0;0],[4;5;0;0],[5;3;0;0],[6;1;0;0],[7;2;0;0],[9;1;0;0],[10;2;0;0],[11;3;0;0]
our~[3;1;0;0],[4;1;0;0],[5;4;0;0],[6;3;0;0],[9;6;0;0],[10;1;0;0]
out~[7;2;0;0],[11;2;0;0]
output~[2;4;0;0]
outreach~[5;2;0;0]
outsid~[4;1;0;0],[11;1;0;0]
over~[4;1;0;0],[10;1;0;0],[11;1;0;0]
overal~[9;1;0;0]
own~[4;1;0;0],[5;4;0;0],[11;1;0;0]
p.~[9;1;0;0]
p.m.~[4;1;0;0]
packet~[3;1;0;0]
page~[1;3;0;0]
paint~[4;1;0;0]
palo~[7;1;0;0]
paper~[3;6;0;0],[10;3;0;0]
parallel~[1;2;0;0]
part~[2;1;0;0],[5;4;0;0],[11;1;0;0]
particip~[9;1;0;0],[10;2;0;0],[11;1;0;0]
particular~[1;1;0;0],[7;1;0;0],[10;1;0;0]
partnership~[5;1;0;0],[9;1;0;0]
passion~[3;1;0;0],[4;1;0;0],[5;1;0;0],[6;1;0;0],[7;1;0;0],[9;1;0;0],[11;3;0;0]
past~[3;1;0;0],[11;2;0;0]
path~[4;1;0;0],[5;1;0;0]
patti~[11;1;0;0]
pay~[6;1;0;0]
pdf~[1;1;0;0]
peopl~[1;1;0;0],[5;1;0;0],[11;2;0;0]
percent~[7;1;0;0]
perfect~[4;1;0;0]
perform~[1;2;0;0],[2;1;0;0],[9;1;0;0]
perhap~[1;2;0;0]
perri~[9;2;0;0]
person~[1;1;0;0],[9;1;0;0],[11;1;0;0]
perspective.~[9;1;0;0]
ph.d~[1;1;0;0]
ph.d.~[1;1;0;0],[3;2;0;0],[9;1;0;0],[11;3;0;0]
phd~[10;1;0;0]
philanthropi~[9;1;0;0]
photo~[4;2;0;0]
photograph~[4;1;0;0]
photographi~[4;5;0;0]
photorealist~[4;2;0;0]
physic~[6;1;0;0]
pick~[11;1;0;0]
pictur~[4;1;0;0],[5;1;0;0]
piec~[5;1;0;0],[11;1;0;0]
pierr~[1;1;0;0],[3;3;0;0],[4;1;0;0],[5;1;0;0],[6;1;0;0],[7;1;0;0],[9;2;0;0],[11;1;0;0]
piggi~[5;1;0;0]
pilot~[5;1;0;0]
pioneer~[9;1;0;0]
pipelin~[4;1;0;0]
pirat~[4;1;0;0]
pittsburgh~[10;1;0;0]
pixar~[4;1;0;0]
plan~[3;1;0;0],[5;1;0;0],[11;3;0;0]
platform~[1;2;0;0]
play~[5;3;0;0],[7;1;0;0]
pleasanton~[7;1;0;0]
polici~[1;1;0;0],[2;1;0;0],[3;1;0;0],[4;1;0;0],[5;1;0;0],[6;1;0;0],[7;3;0;0],[9;5;0;0],[10;1;0;0],[11;1;0;0]
pool~[4;1;0;0]
pop~[5;1;0;0]
pose~[11;1;0;0]
posit~[5;1;0;0]
positive.~[1;1;0;0]
possibl~[5;1;0;0]
postpon~[11;1;0;0]
potenti~[7;2;0;0]
potter~[4;1;0;0]
power~[1;2;0;0],[11;1;0;0]
practic~[4;1;0;0],[6;1;0;0],[9;1;0;0],[11;1;0;0]
practition~[3;1;0;0]
precision.~[3;1;0;0]
predict~[7;1;0;0]
prepar~[5;2;0;0],[6;1;0;0],[11;1;0;0]
prequel~[4;1;0;0]
present~[1;1;0;0],[5;1;0;0]
presid~[1;1;0;0],[10;2;0;0]
presidenti~[7;1;0;0],[10;1;0;0]
press~[9;1;0;0]
pretti~[4;1;0;0]
previou~[1;1;0;0],[3;1;0;0]
princip~[1;1;0;0],[4;1;0;0]
principl~[11;1;0;0]
print~[4;1;0;0]
privaci~[1;1;0;0],[2;1;0;0],[3;1;0;0],[4;1;0;0],[5;1;0;0],[6;1;0;0],[7;1;0;0],[9;2;0;0],[10;1;0;0],[11;1;0;0]
probabl~[4;1;0;0]
problem~[2;3;0;0],[3;2;0;0],[5;2;0;0],[9;1;0;0],[11;1;0;0]
problemat~[3;1;0;0]
process~[1;4;0;0],[5;1;0;0],[10;1;0;0]
prodid~[8;1;0;0]
product~[4;1;0;0]
profession~[6;4;0;0],[7;1;0;0],[9;2;0;0],[10;1;0;0]
professor~[1;7;0;0],[3;2;0;0],[4;4;0;0],[5;1;0;0],[6;2;0;0],[7;2;0;0],[9;3;0;0],[10;1;0;0],[11;11;0;0]
profil~[4;1;0;0]
program~[1;2;0;0],[2;1;0;0],[3;2;0;0],[4;6;0;0],[5;20;0;0],[6;7;0;0],[7;1;0;0],[9;2;0;0],[10;2;0;0],[11;3;0;0]
progress~[1;1;0;0]
project~[1;3;0;0],[4;2;0;0],[5;2;0;0],[9;3;0;0],[10;2;0;0],[11;7;0;0]
prolog~[4;1;0;0]
promot~[9;1;0;0],[10;1;0;0]
properti~[2;1;0;0],[11;1;0;0]
prospect~[11;1;0;0]
protect~[7;1;0;0]
proud~[5;1;0;0]
prove~[11;1;0;0]
provid~[2;1;0;0],[4;1;0;0],[5;1;0;0],[9;3;0;0],[10;1;0;0]
publish~[8;1;0;0]
purchas~[4;1;0;0]
pursu~[3;1;0;0],[4;3;0;0],[5;2;0;0],[6;1;0;0],[7;1;0;0],[9;1;0;0],[11;3;0;0]
put~[1;1;0;0],[4;3;0;0]
pwr~[5;1;0;0]
pyramid~[5;1;0;0]
queri~[2;1;0;0]
quest~[4;1;0;0]
question~[11;2;0;0]
quickli~[1;1;0;0]
quirki~[11;2;0;0]
quit~[4;1;0;0],[11;2;0;0]
ramesh~[3;1;0;0],[4;1;0;0],[5;1;0;0],[6;1;0;0],[7;1;0;0],[9;1;0;0],[11;2;0;0]
ran~[4;1;0;0]
random~[2;1;0;0],[11;1;0;0]
randomli~[11;1;0;0]
rang~[3;1;0;0],[6;1;0;0],[9;1;0;0]
rank~[7;3;0;0]
rate~[7;3;0;0],[10;1;0;0]
rather~[11;1;0;0]
ratio~[11;1;0;0]
raw~[11;1;0;0]
ray~[11;1;0;0]
re~[4;4;0;0]
reaction~[4;1;0;0]
read~[1;9;0;0],[2;1;0;0]
readi~[1;1;0;0]
real~[10;2;0;0],[11;1;0;0]
real-world~[11;1;0;0]
realiti~[1;2;0;0],[4;3;0;0],[8;1;0;0]
realiz~[4;1;0;0]
realli~[2;1;0;0],[11;5;0;0]
receiv~[1;3;0;0],[3;1;0;0],[4;1;0;0],[5;1;0;0],[9;2;0;0],[10;2;0;0]
recent~[1;1;0;0],[2;1;0;0],[3;1;0;0],[4;1;0;0],[5;1;0;0],[7;4;0;0]
recipi~[3;1;0;0]
reckon~[11;1;0;0]
recogn~[1;1;0;0],[3;1;0;0],[10;3;0;0]
recognit~[1;2;0;0],[4;1;0;0]
recognized.~[3;1;0;0]
recommend~[4;1;0;0]
recruit~[1;1;0;0],[5;1;0;0]
redondo~[7;1;0;0]
referenc~[3;1;0;0]
reflect~[4;1;0;0]
regent~[1;1;0;0],[2;1;0;0],[3;1;0;0],[4;1;0;0],[5;1;0;0],[6;1;0;0],[7;1;0;0],[9;1;0;0],[10;1;0;0],[11;1;0;0]
region~[1;1;0;0],[5;1;0;0],[10;1;0;0]
regul~[9;2;0;0]
regularli~[11;1;0;0]
reinforc~[11;1;0;0]
relat~[5;1;0;0]
releas~[7;1;0;0]
relev~[9;1;0;0]
remain~[10;1;0;0]
rememb~[4;1;0;0]
render~[4;6;0;0]
renderman~[4;1;0;0]
renown~[3;1;0;0]
report~[7;1;0;0]
repres~[3;1;0;0]
requir~[1;1;0;0],[5;1;0;0],[9;1;0;0],[11;1;0;0]
research~[1;12;0;0],[2;5;0;0],[3;9;0;0],[4;6;0;0],[5;7;0;0],[6;7;0;0],[7;9;0;0],[8;1;0;0],[9;16;0;0],[10;8;0;0],[11;10;0;0]
resembl~[3;1;0;0]
resid~[3;1;0;0],[7;1;0;0]
resourc~[9;1;0;0]
respect~[7;1;0;0]
result~[2;1;0;0]
retent~[10;1;0;0]
retriev~[3;1;0;0]
return~[2;1;0;0],[10;1;0;0],[11;1;0;0]
revolution~[1;1;0;0]
reward~[4;1;0;0]
rhythm~[1;1;0;0],[4;1;0;0]
rich~[11;1;0;0]
right~[4;1;0;0],[9;1;0;0],[11;1;0;0]
rise~[5;1;0;0]
riversid~[5;1;0;0]
robot~[1;1;0;0],[4;2;0;0],[6;1;0;0]
rocki~[11;1;0;0]
role~[1;1;0;0],[5;2;0;0],[7;1;0;0],[9;1;0;0]
ron~[4;1;0;0]
ronitt~[2;3;0;0]
room~[4;3;0;0]
rounding-off~[10;1;0;0]
royal~[1;2;0;0]
rubenfeld~[2;1;0;0]
rubik~[3;1;0;0],[4;1;0;0],[5;1;0;0],[6;1;0;0],[7;1;0;0],[9;1;0;0],[11;1;0;0]
rubinfeld~[2;2;0;0]
run~[1;2;0;0],[3;2;0;0],[4;1;0;0],[5;1;0;0],[6;1;0;0],[7;1;0;0],[9;1;0;0],[11;3;0;0]
russian~[7;1;0;0]
said~[4;1;0;0],[6;1;0;0]
saini~[3;5;0;0]
sajjad~[1;1;0;0]
sajjadi~[1;1;0;0]
salari~[6;1;0;0],[7;2;0;0]
samantha~[1;1;0;0]
same~[4;3;0;0]
samu~[5;1;0;0],[6;2;0;0]
san~[1;1;0;0],[7;1;0;0],[9;1;0;0]
sangeetha~[3;1;0;0],[4;1;0;0],[5;1;0;0],[6;1;0;0],[7;1;0;0],[9;1;0;0],[11;1;0;0]
santa~[7;4;0;0]
santiago~[1;2;0;0]
saw~[4;1;0;0],[5;1;0;0]
say~[1;1;0;0],[3;3;0;0],[4;1;0;0],[5;10;0;0],[9;3;0;0]
sc~[10;1;0;0]
scan~[3;1;0;0],[4;1;0;0],[5;1;0;0],[6;1;0;0],[7;1;0;0],[9;1;0;0],[11;1;0;0]
schedul~[11;1;0;0]
scholar~[9;1;0;0]
school~[1;2;0;0],[3;1;0;0],[4;11;0;0],[5;17;0;0],[6;4;0;0],[8;3;0;0],[9;1;0;0],[10;1;0;0],[11;6;0;0]
schoolwork~[11;1;0;0]
scienc~[1;16;0;0],[2;1;0;0],[3;5;0;0],[4;9;0;0],[5;13;0;0],[6;6;0;0],[7;4;0;0],[8;6;0;0],[9;4;0;0],[10;11;0;0],[11;10;0;0]
science.~[5;1;0;0]
scientif~[9;2;0;0]
scientist~[1;1;0;0],[10;1;0;0]
sconc~[7;1;0;0]
score~[7;1;0;0]
scott~[9;2;0;0]
scrape~[11;1;0;0]
screen~[4;1;0;0]
sculptur~[4;1;0;0]
seam~[9;3;0;0]
search~[11;1;0;0]
season~[5;1;0;0],[7;1;0;0]
seattl~[1;1;0;0]
second~[11;1;0;0]
second-year~[5;1;0;0]
section~[10;1;0;0]
sector~[7;1;0;0]
secur~[1;3;0;0],[6;1;0;0],[7;1;0;0],[9;10;0;0]
secureauth~[7;1;0;0]
security-mind~[9;1;0;0]
security.~[9;1;0;0]
see~[1;1;0;0],[4;4;0;0],[5;4;0;0]
seek~[4;1;0;0],[9;1;0;0]
seem~[5;1;0;0]
seemingli~[5;1;0;0]
seen~[2;1;0;0]
seestheday.com~[4;2;0;0]
select~[1;1;0;0]
semant~[3;1;0;0]
semest~[4;2;0;0]
semin~[10;2;0;0]
seminar~[1;1;0;0],[2;4;0;0],[3;1;0;0],[4;1;0;0],[5;1;0;0],[6;1;0;0],[7;1;0;0],[9;1;0;0],[10;4;0;0],[11;1;0;0]
senior~[1;4;0;0],[3;1;0;0],[4;3;0;0],[5;1;0;0],[6;1;0;0],[7;1;0;0],[9;1;0;0],[10;1;0;0],[11;5;0;0]
sensor~[1;2;0;0],[6;1;0;0]
separ~[4;1;0;0]
septemb~[3;1;0;0],[4;1;0;0],[5;1;0;0],[6;1;0;0],[7;1;0;0],[9;1;0;0],[11;1;0;0]
serg~[1;1;0;0]
seri~[1;2;0;0],[2;4;0;0],[3;2;0;0],[4;2;0;0],[5;3;0;0],[6;2;0;0],[7;2;0;0],[8;1;0;0],[9;2;0;0],[10;4;0;0],[11;2;0;0]
seriou~[5;1;0;0]
serv~[5;2;0;0],[10;2;0;0]
set~[2;2;0;0],[6;1;0;0],[9;1;0;0],[10;2;0;0]
seven~[4;2;0;0]
sever~[1;1;0;0],[7;1;0;0]
shake~[4;1;0;0]
shani~[3;1;0;0],[4;1;0;0],[5;1;0;0],[9;1;0;0],[11;1;0;0]
shannon~[5;1;0;0]
sharad~[8;1;0;0]
share~[5;1;0;0]
shari~[1;1;0;0]
shauhin~[9;1;0;0]
she~[2;1;0;0],[3;1;0;0],[4;1;0;0],[5;3;0;0],[10;7;0;0],[11;3;0;0]
shen~[11;1;0;0]
short~[4;2;0;0]
shortag~[5;1;0;0],[9;1;0;0]
should~[6;1;0;0]
showcas~[1;1;0;0],[2;1;0;0],[3;1;0;0],[4;1;0;0],[5;4;0;0],[6;1;0;0],[7;1;0;0],[9;1;0;0],[10;1;0;0],[11;3;0;0]
shub~[10;1;0;0]
side~[9;1;0;0]
silent~[5;1;0;0]
simi~[4;1;0;0]
simpl~[5;1;0;0]
simpli~[3;1;0;0],[11;1;0;0]
simultan~[11;1;0;0]
sinc~[1;1;0;0],[4;3;0;0],[11;1;0;0]
singl~[2;1;0;0],[4;2;0;0]
six~[4;1;0;0],[9;2;0;0]
skill~[5;3;0;0],[6;1;0;0]
sleepless~[3;1;0;0]
smale~[10;1;0;0]
small~[2;1;0;0]
smart~[11;1;0;0]
so~[2;1;0;0],[3;1;0;0],[4;5;0;0],[5;2;0;0],[11;4;0;0]
social~[4;1;0;0]
societi~[10;1;0;0]
soft~[5;1;0;0]
softwar~[1;1;0;0],[3;9;0;0],[4;5;0;0],[5;1;0;0],[7;1;0;0],[11;7;0;0]
solut~[7;1;0;0],[9;2;0;0],[11;1;0;0]
solv~[2;1;0;0],[3;1;0;0],[4;1;0;0],[5;3;0;0],[6;1;0;0],[7;1;0;0],[9;1;0;0],[10;1;0;0],[11;2;0;0]
solving.~[5;1;0;0]
some~[4;1;0;0],[5;1;0;0],[11;3;0;0]
someth~[1;1;0;0],[4;1;0;0],[5;1;0;0]
son~[4;1;0;0]
sophia~[9;2;0;0]
sophomor~[11;1;0;0]
sort~[5;1;0;0]
sourc~[3;2;0;0]
southern~[5;1;0;0],[7;1;0;0]
space~[2;1;0;0],[5;1;0;0]
span~[2;1;0;0]
spark~[11;1;0;0]
spars~[2;1;0;0]
speaker~[2;2;0;0],[8;1;0;0],[10;1;0;0]
special~[2;1;0;0]
specif~[4;1;0;0],[5;3;0;0]
specifi~[2;1;0;0]
spend~[7;1;0;0]
spent~[11;1;0;0]
spoke~[1;1;0;0]
spotlight~[1;3;0;0],[3;1;0;0],[4;4;0;0],[5;1;0;0],[6;1;0;0],[7;1;0;0],[9;1;0;0],[11;3;0;0]
spring~[1;1;0;0],[5;3;0;0]
squar~[9;1;0;0]
srivarsha~[5;1;0;0]
ssecur~[7;1;0;0]
stabil~[4;1;0;0]
stage~[10;2;0;0]
stand~[4;1;0;0]
stand-out~[4;1;0;0]
standard~[9;3;0;0]
standish~[4;1;0;0]
star~[4;6;0;0]
stare~[11;1;0;0]
start~[1;1;0;0],[3;1;0;0],[4;3;0;0],[5;2;0;0],[11;3;0;0]
startup~[1;1;0;0]
stat~[11;2;0;0]
statist~[3;1;0;0],[11;7;0;0]
statu~[1;1;0;0]
stay~[1;1;0;0],[4;1;0;0]
steam~[5;1;0;0]
stellman~[1;1;0;0]
stem~[1;1;0;0],[5;12;0;0],[10;1;0;0],[11;1;0;0]
stem-focus~[5;1;0;0]
step~[1;1;0;0],[11;1;0;0]
still~[4;2;0;0],[11;1;0;0]
stop-mot~[4;1;0;0]
stori~[1;1;0;0],[6;1;0;0]
straddl~[11;1;0;0]
street~[5;1;0;0]
strength~[1;1;0;0]
stress~[5;1;0;0]
strong~[5;1;0;0],[9;1;0;0]
student~[1;7;0;0],[2;1;0;0],[3;4;0;0],[4;8;0;0],[5;30;0;0],[6;3;0;0],[7;1;0;0],[9;2;0;0],[10;2;0;0],[11;5;0;0]
studi~[5;1;0;0],[6;1;0;0],[11;4;0;0]
studio~[4;4;0;0]
stuff~[11;1;0;0]
sub-linear~[2;1;0;0]
sublinear~[2;1;0;0]
subtract~[1;1;0;0]
succeed~[5;1;0;0]
success~[1;1;0;0]
such~[1;1;0;0],[2;1;0;0],[3;1;0;0],[4;2;0;0],[5;5;0;0],[7;1;0;0]
suit~[9;1;0;0]
summari~[8;1;0;0]
summer~[4;1;0;0],[5;1;0;0],[11;6;0;0]
sunnyval~[7;1;0;0]
sunshin~[7;1;0;0]
super~[11;1;0;0]
support~[1;1;0;0],[2;1;0;0],[5;2;0;0],[9;6;0;0],[11;1;0;0]
surpass~[1;1;0;0]
surround~[9;1;0;0]
survey~[2;1;0;0],[5;1;0;0]
swap~[11;2;0;0]
switch~[11;1;0;0]
symposium~[3;1;0;0],[5;1;0;0]
system~[1;1;0;0],[6;7;0;0],[7;1;0;0],[8;1;0;0],[9;1;0;0],[11;2;0;0]
systems\~[8;1;0;0]
tag-team~[4;1;0;0]
taheri~[1;1;0;0]
take~[4;2;0;0],[5;2;0;0],[11;5;0;0]
talent~[10;1;0;0]
talesh~[9;1;0;0]
talk~[2;1;0;0],[4;1;0;0],[10;1;0;0],[11;4;0;0]
taneisha~[3;1;0;0],[4;1;0;0],[5;1;0;0],[6;1;0;0],[7;1;0;0],[9;1;0;0],[11;5;0;0]
tangibl~[11;1;0;0]
tape~[4;2;0;0]
target~[10;1;0;0]
task~[5;1;0;0]
taubman~[9;10;0;0]
taught~[5;2;0;0],[10;1;0;0],[11;4;0;0]
tcmc~[3;1;0;0],[4;1;0;0],[5;1;0;0],[6;1;0;0],[7;1;0;0],[9;1;0;0],[11;2;0;0]
teach~[4;13;0;0],[5;1;0;0],[6;1;0;0],[11;3;0;0]
teacher~[4;1;0;0]
team~[3;1;0;0],[5;4;0;0],[9;3;0;0],[11;1;0;0]
tear~[1;1;0;0]
technic~[1;2;0;0],[4;1;0;0],[5;3;0;0],[9;3;0;0],[11;2;0;0]
techniqu~[3;1;0;0],[4;3;0;0],[5;1;0;0],[6;1;0;0],[7;1;0;0],[9;1;0;0],[11;1;0;0]
technolog~[1;2;0;0],[4;2;0;0],[5;1;0;0],[6;2;0;0],[7;1;0;0],[9;1;0;0]
tel~[2;2;0;0]
televis~[4;1;0;0]
tell~[3;1;0;0],[4;1;0;0],[11;1;0;0]
temperatur~[1;1;0;0]
term~[9;1;0;0]
test~[2;1;0;0],[9;3;0;0]
textual~[3;1;0;0]
textur~[4;1;0;0]
than~[4;1;0;0],[5;1;0;0],[10;1;0;0],[11;2;0;0]
thank~[5;1;0;0]
that~[1;6;0;0],[2;4;0;0],[3;1;0;0],[4;14;0;0],[5;10;0;0],[6;3;0;0],[7;2;0;0],[9;5;0;0],[10;1;0;0],[11;13;0;0]
the~[1;35;0;0],[2;15;0;0],[3;15;0;0],[4;58;0;0],[5;64;0;0],[6;18;0;0],[7;15;0;0],[9;40;0;0],[10;37;0;0],[11;52;0;0]
theater~[4;1;0;0]
theft~[3;1;0;0]
their~[1;2;0;0],[2;1;0;0],[3;4;0;0],[4;2;0;0],[5;9;0;0],[11;1;0;0]
them~[2;1;0;0],[4;4;0;0],[5;1;0;0],[11;4;0;0]
then~[11;2;0;0]
theorem~[11;1;0;0]
theoret~[10;1;0;0],[11;1;0;0]
theori~[10;7;0;0]
there~[2;1;0;0],[3;1;0;0],[4;3;0;0],[5;3;0;0],[9;1;0;0]
these~[1;1;0;0],[4;1;0;0],[5;2;0;0],[6;2;0;0],[9;3;0;0],[11;1;0;0]
thesi~[3;1;0;0]
they~[1;1;0;0],[4;3;0;0],[5;9;0;0],[11;3;0;0]
thi~[1;4;0;0],[2;1;0;0],[3;2;0;0],[4;1;0;0],[5;5;0;0],[6;4;0;0],[7;1;0;0],[9;5;0;0],[10;1;0;0],[11;9;0;0]
thing~[4;2;0;0],[6;2;0;0],[9;1;0;0],[11;3;0;0]
think~[5;1;0;0]
third~[1;1;0;0]
third-year~[5;1;0;0]
those~[4;3;0;0],[11;1;0;0]
thought~[5;1;0;0]
threat~[1;1;0;0]
three~[1;1;0;0],[3;1;0;0],[5;1;0;0],[9;1;0;0],[11;2;0;0]
thrill~[3;1;0;0],[5;1;0;0],[9;1;0;0]
through~[1;2;0;0],[4;3;0;0],[5;7;0;0],[7;1;0;0],[11;2;0;0]
throughout~[1;1;0;0]
thu~[11;1;0;0]
tiger~[5;1;0;0]
tight~[1;1;0;0]
time~[1;1;0;0],[2;4;0;0],[4;3;0;0],[5;2;0;0],[9;1;0;0],[11;3;0;0]
timothi~[3;1;0;0]
titl~[2;1;0;0],[10;1;0;0]
to~[1;26;0;0],[2;10;0;0],[3;14;0;0],[4;54;0;0],[5;37;0;0],[6;8;0;0],[7;11;0;0],[9;14;0;0],[10;4;0;0],[11;56;0;0]
today~[4;2;0;0],[5;1;0;0],[10;1;0;0]
togeth~[4;1;0;0],[6;1;0;0],[11;1;0;0]
told~[4;1;0;0],[5;1;0;0]
tom~[4;3;0;0]
tomasprofessor~[3;1;0;0]
ton~[11;3;0;0]
toni~[6;1;0;0]
too~[4;1;0;0]
took~[4;2;0;0],[11;1;0;0]
tool~[1;4;0;0],[3;1;0;0],[11;1;0;0]
top~[3;1;0;0],[4;1;0;0],[5;1;0;0],[7;3;0;0]
topic~[5;1;0;0]
total~[5;1;0;0]
track~[1;1;0;0]
tradit~[9;2;0;0],[10;2;0;0]
train~[1;1;0;0],[5;1;0;0],[6;2;0;0]
transit~[1;2;0;0]
translat~[1;1;0;0],[5;1;0;0]
transport~[6;1;0;0]
travel~[11;1;0;0]
trend~[1;1;0;0]
tri~[1;1;0;0],[4;1;0;0]
trillion~[6;1;0;0],[7;1;0;0]
trilog~[4;1;0;0]
troubl~[1;1;0;0],[3;1;0;0],[6;1;0;0]
truli~[4;1;0;0]
tsudik~[6;1;0;0],[7;1;0;0]
ture~[10;4;0;0]
turn~[7;1;0;0],[11;2;0;0]
turpin~[1;1;0;0]
tutor~[11;3;0;0]
tutori~[5;1;0;0]
twilight~[3;4;0;0]
two~[1;1;0;0],[4;1;0;0],[5;1;0;0],[7;1;0;0],[9;1;0;0],[10;1;0;0],[11;3;0;0]
two-way~[5;1;0;0]
type~[3;4;0;0]
type-1~[3;1;0;0]
u.~[7;1;0;0]
u.s.~[5;1;0;0],[6;1;0;0],[7;2;0;0]
uc~[1;2;0;0],[2;1;0;0],[3;1;0;0],[4;1;0;0],[5;1;0;0],[6;2;0;0],[7;1;0;0],[9;2;0;0],[10;1;0;0],[11;1;0;0]
uci~[1;9;0;0],[3;2;0;0],[4;10;0;0],[5;9;0;0],[6;3;0;0],[7;2;0;0],[9;6;0;0],[11;7;0;0]
uid:1491-1430438400-1430524799~[8;1;0;0]
ultim~[5;3;0;0],[11;2;0;0]
unawar~[10;1;0;0]
unbeliev~[11;1;0;0]
undeclar~[1;1;0;0]
under~[5;1;0;0],[9;1;0;0]
undergradu~[1;2;0;0],[2;2;0;0],[3;2;0;0],[4;2;0;0],[5;2;0;0],[6;2;0;0],[7;2;0;0],[9;3;0;0],[10;2;0;0],[11;2;0;0]
underrepres~[1;1;0;0]
underserv~[4;1;0;0]
understand~[9;1;0;0],[11;2;0;0]
undoubtedli~[11;1;0;0]
unexpect~[11;1;0;0]
unfortun~[4;1;0;0]
unifi~[10;1;0;0]
uniqu~[9;2;0;0]
univers~[1;4;0;0],[2;2;0;0],[4;1;0;0],[5;1;0;0],[6;2;0;0],[9;1;0;0],[10;4;0;0]
until~[11;1;0;0]
up~[1;1;0;0],[4;3;0;0],[5;2;0;0],[7;1;0;0],[9;1;0;0],[11;3;0;0]
upcom~[5;1;0;0]
upward~[6;1;0;0]
urin~[4;1;0;0]
url~[8;1;0;0]
us~[1;1;0;0],[2;1;0;0],[3;1;0;0],[4;2;0;0],[5;1;0;0],[6;2;0;0],[7;1;0;0],[9;1;0;0],[10;2;0;0],[11;2;0;0]
use~[1;2;0;0],[4;5;0;0],[6;1;0;0],[11;1;0;0]
user~[1;2;0;0],[2;1;0;0]
vaibhav~[3;2;0;0]
valley~[4;1;0;0]
valu~[2;2;0;0]
value=date:20150501~[8;1;0;0]
value=date:20150502~[8;1;0;0]
van~[11;3;0;0]
vari~[3;1;0;0]
variabl~[11;1;0;0]
varieti~[2;1;0;0],[6;1;0;0]
variou~[1;1;0;0],[5;1;0;0]
vartanov~[1;1;0;0]
vcalendar~[8;2;0;0]
ve~[4;4;0;0],[5;1;0;0],[11;1;0;0]
veidenbaum~[1;1;0;0]
veindebaum~[6;1;0;0]
ventur~[7;1;0;0]
veri~[1;1;0;0],[2;1;0;0],[4;3;0;0],[9;2;0;0],[11;1;0;0]
versatil~[5;1;0;0]
version:2.0~[8;1;0;0]
veteran~[1;1;0;0],[3;1;0;0]
vevent~[8;2;0;0]
vfx~[4;2;0;0]
vice~[10;1;0;0]
video~[1;2;0;0],[4;3;0;0],[5;1;0;0]
view~[2;1;0;0],[7;1;0;0]
violat~[3;1;0;0]
virtual~[1;3;0;0],[4;2;0;0],[5;1;0;0]
vision~[1;6;0;0],[5;2;0;0],[9;1;0;0]
visit~[1;1;0;0],[2;1;0;0],[6;1;0;0],[9;1;0;0],[10;1;0;0]
visual~[4;8;0;0]
void~[9;1;0;0]
volunt~[11;1;0;0]
vr~[1;1;0;0]
vrcade~[1;2;0;0]
vrdc~[1;2;0;0]
wa~[1;1;0;0],[2;1;0;0],[3;1;0;0],[4;14;0;0],[5;10;0;0],[7;1;0;0],[9;1;0;0],[10;2;0;0],[11;11;0;0]
want~[4;4;0;0],[7;1;0;0],[11;2;0;0]
war~[4;5;0;0]
wars.~[4;1;0;0]
washington~[4;2;0;0]
wasn~[4;1;0;0]
watch~[1;1;0;0],[5;1;0;0]
way~[2;1;0;0],[4;1;0;0],[5;1;0;0],[9;1;0;0]
we~[2;3;0;0],[3;1;0;0],[4;9;0;0],[5;2;0;0],[9;3;0;0],[11;2;0;0]
wear~[1;1;0;0]
web~[1;3;0;0],[5;1;0;0],[11;3;0;0]
week~[11;1;0;0]
wein~[11;1;0;0]
welcom~[11;1;0;0]
well~[1;1;0;0],[3;1;0;0],[4;2;0;0],[5;1;0;0],[7;1;0;0],[9;1;0;0]
went~[4;1;0;0]
were~[1;1;0;0],[3;2;0;0],[4;6;0;0],[9;1;0;0],[11;1;0;0]
weren~[4;1;0;0],[5;2;0;0]
what~[1;1;0;0],[3;1;0;0],[4;6;0;0],[5;1;0;0],[10;1;0;0],[11;7;0;0]
whatev~[4;1;0;0]
wheelhouse.~[9;1;0;0]
when~[3;1;0;0],[4;7;0;0],[5;4;0;0],[7;1;0;0],[11;2;0;0]
whenev~[5;1;0;0]
where~[1;1;0;0],[3;1;0;0],[4;1;0;0],[5;1;0;0],[10;1;0;0]
whether~[5;1;0;0]
whi~[4;1;0;0],[11;2;0;0]
which~[1;3;0;0],[2;3;0;0],[5;4;0;0],[7;2;0;0],[10;1;0;0],[11;2;0;0]
while~[4;2;0;0],[5;1;0;0],[11;2;0;0]
who~[1;3;0;0],[3;1;0;0],[5;4;0;0],[6;1;0;0],[9;2;0;0],[11;6;0;0]
whole~[2;1;0;0],[5;1;0;0]
wife~[4;1;0;0]
wikileak~[7;1;0;0]
wildli~[11;1;0;0]
will~[1;4;0;0],[2;1;0;0],[3;1;0;0],[4;1;0;0],[5;3;0;0],[6;9;0;0],[7;2;0;0],[9;6;0;0],[10;1;0;0],[11;2;0;0]
win~[3;1;0;0],[4;1;0;0],[5;2;0;0],[6;1;0;0],[7;1;0;0],[9;1;0;0],[11;2;0;0]
winnersfranz~[6;1;0;0]
winter~[1;1;0;0],[11;1;0;0]
wisdom.mi~[11;1;0;0]
with~[1;5;0;0],[3;5;0;0],[4;2;0;0],[5;20;0;0],[6;2;0;0],[7;1;0;0],[9;4;0;0],[10;5;0;0],[11;12;0;0]
within~[1;3;0;0]
without~[2;1;0;0],[3;1;0;0],[4;1;0;0],[5;1;0;0],[6;1;0;0],[7;1;0;0],[9;1;0;0],[11;1;0;0]
women~[1;1;0;0],[10;7;0;0]
won~[11;1;0;0]
wood~[5;1;0;0]
word~[4;1;0;0]
work~[1;5;0;0],[2;2;0;0],[3;4;0;0],[4;13;0;0],[5;11;0;0],[6;1;0;0],[7;1;0;0],[9;1;0;0],[10;5;0;0],[11;10;0;0]
work-lif~[7;1;0;0]
worker~[5;1;0;0]
workforc~[1;2;0;0]
world~[1;1;0;0],[4;1;0;0],[6;1;0;0],[10;1;0;0],[11;1;0;0]
world.~[5;1;0;0]
worldwid~[6;1;0;0]
would~[4;2;0;0],[5;1;0;0],[11;2;0;0]
wouldn~[4;1;0;0]
write~[4;1;0;0]
wrote~[4;1;0;0]
www.cs.uci.edu~[8;1;0;0]
x-original-url~[8;1;0;0]
x-wr-caldesc~[8;1;0;0]
x-wr-calnam~[8;1;0;0]
yadong~[3;2;0;0]
year~[4;2;0;0],[5;5;0;0],[7;3;0;0],[11;6;0;0]
year.i~[11;1;0;0]
yet~[5;1;0;0],[11;1;0;0]
yip~[4;2;0;0]
you~[1;2;0;0],[4;13;0;0],[5;1;0;0],[11;8;0;0]
young~[4;1;0;0]
your~[4;6;0;0],[5;1;0;0],[10;1;0;0],[11;7;0;0]
youth~[5;2;0;0]
zarat~[1;1;0;0]
zijia~[1;1;0;0]
zone~[3;3;0;0]
zone.~[3;1;0;0]
